$ 1 0.000005 10.20027730826997 51 5 50 5e-11
v 192 224 192 160 0 0 40 3 0 0 0.5
w 192 160 192 64 0
w 192 64 272 64 0
w 272 64 272 96 0
r 272 96 384 96 0 4700
w 272 -160 352 -160 0
w 352 -480 432 -480 0
w 352 -160 432 -160 0
s 432 -480 576 -480 0 1 false
s 432 -160 576 -160 0 1 false
s 368 -16 512 -16 0 1 false
t 736 64 736 32 1 1 -3.7338859386166247e-26 3.73388593861674e-24 100 default
w 384 96 384 64 0
w 384 64 432 64 0
w 384 96 384 128 0
w 384 128 432 128 0
s 432 64 544 64 0 1 false
s 432 128 544 128 0 1 false
r 512 -16 624 -16 0 220
w 720 -32 800 -32 0
w 720 -32 720 32 0
w 800 -32 800 32 0
w 544 64 736 64 0
w 752 32 768 32 0
w 768 32 768 208 0
w 192 224 192 272 0
w 192 272 768 272 0
w 768 208 768 272 0
t 816 64 816 32 1 1 -3.7338859386162574e-26 3.733885938616744e-24 100 default
w 816 64 816 112 0
w 544 128 816 128 0
w 816 128 816 112 0
w 832 32 864 32 0
w 864 32 864 192 0
w 864 192 864 272 0
w 864 272 768 272 0
w 800 -32 912 -32 0
w 912 -32 1136 -32 0
w 1136 -32 1136 -224 0
162 1136 -224 1232 -224 2 default-led 1 0 0 0.01
w 1232 -224 1232 272 0
w 1232 272 864 272 0
t 752 -112 752 -160 1 1 1.0098629062370467e-31 2.019725819820933e-31 100 default
t 816 -112 816 -160 1 1 -3.552211905475676e-32 3.1961772948778586e-32 100 default
w 768 -160 800 -160 0
w 576 -160 736 -160 0
r 272 -96 368 -96 0 4700
w 368 -112 416 -112 0
w 368 -80 416 -80 0
s 416 -112 544 -112 0 1 false
s 416 -80 544 -80 0 1 false
w 656 -112 736 -112 0
w 832 -160 1056 -160 0
w 1056 -160 1056 -224 0
w 1056 -224 1136 -224 0
w 272 -160 272 -352 0
r 272 -352 368 -352 0 47000
w 368 -352 368 -384 0
w 368 -352 368 -320 0
w 368 -320 400 -320 0
w 368 -384 400 -384 0
s 400 -384 480 -384 0 1 false
s 400 -320 480 -320 0 1 false
r 544 -80 656 -80 0 4700
r 544 -112 656 -112 0 4700
t 736 -336 736 -384 1 1 -2.938735877055719e-38 -4.261167021730792e-38 100 default
t 672 -336 672 -384 1 1 0 -1.3224311446750734e-38 100 default
w 480 -384 592 -384 0
w 592 -384 592 -336 0
w 592 -336 672 -336 0
w 480 -320 736 -320 0
w 736 -320 736 -336 0
w 576 -480 624 -480 0
w 624 -384 656 -384 0
w 624 -480 704 -480 0
w 704 -384 720 -384 0
w 688 -384 688 -432 0
w 752 -384 752 -432 0
w 688 -432 752 -432 0
w 752 -432 1024 -432 0
w 1024 -432 1056 -432 0
w 1056 -432 1056 -368 0
r 1056 -368 1056 -224 0 220
w 368 -16 272 -16 0
w 272 64 272 32 0
w 624 -16 672 -16 0
w 672 -32 720 -32 0
w 752 -112 736 -112 0
w 272 -160 272 -96 0
w 272 -96 272 -48 0
w 368 -96 368 -112 0
w 368 -96 368 -80 0
w 656 -80 816 -80 0
w 816 -80 816 -112 0
w 672 -32 672 -16 0
w 272 -48 272 -16 0
w 272 -16 272 32 0
w 624 -480 624 -384 0
w 704 -384 704 -480 0
w 272 -352 272 -480 0
w 272 -480 352 -480 0
